1 0.4038020833333333 0.3793046357615894 0.7531770833333333 0.9980960264900662
1 0.8865625 0.5855960264900663 0.9991145833333334 0.9533940397350994
1 0.7819791666666667 0.5252483443708609 0.8976041666666668 0.6880794701986755
1 0.8844270833333333 0.58841059602649 0.9316666666666666 0.635430463576159
1 0.06531250000000001 0.5632450331125828 0.13822916666666665 0.6250827814569536
3 0.15760416666666668 0.5802980132450332 0.16619791666666667 0.6161423841059602
3 0.17083333333333334 0.5760761589403973 0.18541666666666667 0.6197847682119205
3 0.29109375 0.5718543046357616 0.30703125 0.6155629139072848
3 0.32192708333333336 0.5760761589403973 0.3358333333333333 0.6303807947019867
3 0.3335416666666667 0.5798013245033112 0.34645833333333337 0.6277317880794702
